%YAML:1.0
---
left_camera_matrix: !!opencv-matrix
   rows: 3
   cols: 3
   dt: d
   data: [ 8.9613775694459036e+02, 0., 320., 0., 8.9897552966774720e+02,
       240., 0., 0., 1. ]
left_distortion_coefficients: !!opencv-matrix
   rows: 1
   cols: 5
   dt: d
   data: [ -1.9964397374444630e-02, -3.1818346307549703e+00, 0., 0.,
       2.3880896770643790e+01 ]
right_camera_matrix: !!opencv-matrix
   rows: 3
   cols: 3
   dt: d
   data: [ 9.7184297328989169e+02, 0., 320., 0., 9.7487738390751804e+02,
       240., 0., 0., 1. ]
right_distortion_coefficients: !!opencv-matrix
   rows: 1
   cols: 5
   dt: d
   data: [ -8.9864826111964696e-02, -4.2695154567229556e+00, 0., 0.,
       4.0602827128235880e+01 ]
rotation_matrix: !!opencv-matrix
   rows: 3
   cols: 3
   dt: d
   data: [ 9.9997632912232548e-01, 1.9912026355908730e-03,
       6.5860691692785408e-03, -1.8479101681926969e-03,
       9.9976299549210035e-01, -2.1691889559761101e-02,
       -6.6277011888584269e-03, 2.1679205629510475e-02,
       9.9974300978812780e-01 ]
translation_vector: [ -2.7705859476043293e-01, -1.2550898289217076e-03,
    1.5696788667342956e-01 ]
essential_matrix: !!opencv-matrix
   rows: 3
   cols: 3
   dt: d
   data: [ 2.9838091421481794e-04, -1.5695789392717718e-01,
       2.1501627790284760e-03, 1.5512790952790811e-01,
       6.3189651168819019e-03, 2.7802119477245113e-01,
       1.7670395142868806e-03, -2.7699043148634711e-01,
       6.0181905475528534e-03 ]
fundamental_matrix: !!opencv-matrix
   rows: 3
   cols: 3
   dt: d
   data: [ 3.2713530211007600e-08, -1.7154040874242432e-05,
       4.3177542869059071e-03, 1.6954790038428406e-05,
       6.8845465278881255e-07, 2.1639709309923805e-02,
       -3.8913403046933331e-03, -2.4096035973194842e-02, 1. ]
rectification_rotation_left: !!opencv-matrix
   rows: 3
   cols: 3
   dt: d
   data: [ 8.7329763883045652e-01, -5.0134507701970182e-03,
       -4.8716126623996320e-01, -3.8900896653982012e-04,
       9.9993955578256410e-01, -1.0987877565403519e-02,
       4.8718690734170339e-01, 9.7851976343432782e-03,
       8.7324290276078598e-01 ]
rectification_rotation_right: !!opencv-matrix
   rows: 3
   cols: 3
   dt: d
   data: [ 8.7005850651643757e-01, 3.9414102386530359e-03,
       -4.9293271399220079e-01, 1.5297155988803803e-03,
       9.9994163228048627e-01, 1.0695419693662110e-02,
       4.9294609767049863e-01, -1.0059687747026461e-02,
       8.7000169394884497e-01 ]
left_projection: !!opencv-matrix
   rows: 3
   cols: 4
   dt: d
   data: [ 8.9542225877828071e+02, 0., 8.9842401504516602e+02, 0., 0.,
       8.9542225877828071e+02, 2.4024956321716309e+02, 0., 0., 0., 1.,
       0. ]
right_projection: !!opencv-matrix
   rows: 3
   cols: 4
   dt: d
   data: [ 8.9542225877828071e+02, 0., 8.9842401504516602e+02,
       -2.8513534535465891e+02, 0., 8.9542225877828071e+02,
       2.4024956321716309e+02, 0., 0., 0., 1., 0. ]
reprojection_matrix: !!opencv-matrix
   rows: 4
   cols: 4
   dt: d
   data: [ 1., 0., 0., -8.9842401504516602e+02, 0., 1., 0.,
       -2.4024956321716309e+02, 0., 0., 0., 8.9542225877828071e+02, 0.,
       0., 3.1403411515486819e+00, 0. ]
