%YAML:1.0
---
left_camera_matrix: !!opencv-matrix
   rows: 3
   cols: 3
   dt: d
   data: [ 7.5749622247688831e+02, 0., 320., 0., 7.6010716186263005e+02,
       240., 0., 0., 1. ]
left_distortion_coefficients: !!opencv-matrix
   rows: 1
   cols: 5
   dt: d
   data: [ -1.4016521610021105e-02, -1.1895229147368251e+00, 0., 0.,
       4.5264362363506194e+00 ]
right_camera_matrix: !!opencv-matrix
   rows: 3
   cols: 3
   dt: d
   data: [ 7.9796970987517921e+02, 0., 320., 0., 8.0017086473810286e+02,
       240., 0., 0., 1. ]
right_distortion_coefficients: !!opencv-matrix
   rows: 1
   cols: 5
   dt: d
   data: [ -3.7782135160348417e-02, -1.4545102104813636e+00, 0., 0.,
       6.8874314877921607e+00 ]
rotation_matrix: !!opencv-matrix
   rows: 3
   cols: 3
   dt: d
   data: [ 9.9999768726991467e-01, 1.1593918396710094e-03,
       1.8114263396654989e-03, -1.1137778204501608e-03,
       9.9968726741015823e-01, -2.4982531436539057e-02,
       -1.8398243906968307e-03, 2.4980456132206501e-02,
       9.9968624670825512e-01 ]
translation_vector: [ -1.2253439481486902e-01, -1.0226001810405929e-03,
    6.2779915824535223e-02 ]
essential_matrix: !!opencv-matrix
   rows: 3
   cols: 3
   dt: d
   data: [ 7.1804282570104867e-05, -6.2785827517832640e-02,
       5.4612188380207460e-04, 6.2554328863255473e-02,
       3.1337515964615066e-03, 1.2260967043827044e-01,
       1.1590739072294732e-03, -1.2249488872192874e-01,
       3.0630717354226374e-03 ]
fundamental_matrix: !!opencv-matrix
   rows: 3
   cols: 3
   dt: d
   data: [ 2.6156283752385006e-08, -2.2792552418604910e-05,
       5.6125364943421189e-03, 2.2724102205248233e-05,
       1.1344871471436091e-06, 2.6195193347623193e-02,
       -5.1252373047598453e-03, -2.8462916928963123e-02, 1. ]
rectification_rotation_left: !!opencv-matrix
   rows: 3
   cols: 3
   dt: d
   data: [ 8.9079316898740113e-01, -2.9336996031531790e-03,
       -4.5439951968727005e-01, -2.8048187220492157e-03,
       9.9992461196720384e-01, -1.1954219931612480e-02,
       4.5440033349164666e-01, 1.1923245735762466e-02,
       8.9071778534719104e-01 ]
rectification_rotation_right: !!opencv-matrix
   rows: 3
   cols: 3
   dt: d
   data: [ 8.8996459625716673e-01, 7.4271224714276230e-03,
       -4.5596913849581128e-01, -1.6671619887141727e-03,
       9.9991367357378058e-01, 1.3033264022891440e-02,
       4.5602657595771906e-01, -1.0838969138318669e-02,
       8.8990015101038000e-01 ]
left_projection: !!opencv-matrix
   rows: 3
   cols: 4
   dt: d
   data: [ 7.5715673122583951e+02, 0., 7.9316211128234863e+02, 0., 0.,
       7.5715673122583951e+02, 2.3949653434753418e+02, 0., 0., 0., 1.,
       0. ]
right_projection: !!opencv-matrix
   rows: 3
   cols: 4
   dt: d
   data: [ 7.5715673122583951e+02, 0., 7.9316211128234863e+02,
       -1.0424880071740891e+02, 0., 7.5715673122583951e+02,
       2.3949653434753418e+02, 0., 0., 0., 1., 0. ]
reprojection_matrix: !!opencv-matrix
   rows: 4
   cols: 4
   dt: d
   data: [ 1., 0., 0., -7.9316211128234863e+02, 0., 1., 0.,
       -2.3949653434753418e+02, 0., 0., 0., 7.5715673122583951e+02, 0.,
       0., 7.2629778569663586e+00, 0. ]
