%YAML:1.0
---
left_camera_matrix: !!opencv-matrix
   rows: 3
   cols: 3
   dt: d
   data: [ 6.7154266864386761e+02, 0., 320., 0., 6.7421231430016110e+02,
       240., 0., 0., 1. ]
left_distortion_coefficients: !!opencv-matrix
   rows: 1
   cols: 5
   dt: d
   data: [ 2.1271213714923359e-01, -3.7802366472826501e+00, 0., 0.,
       1.5979391443411414e+01 ]
right_camera_matrix: !!opencv-matrix
   rows: 3
   cols: 3
   dt: d
   data: [ 7.4466454361757178e+02, 0., 320., 0., 7.4794959959760047e+02,
       240., 0., 0., 1. ]
right_distortion_coefficients: !!opencv-matrix
   rows: 1
   cols: 5
   dt: d
   data: [ 9.9266290511207056e-02, -2.3211209688153356e+00, 0., 0.,
       9.0485982008379615e+00 ]
rotation_matrix: !!opencv-matrix
   rows: 3
   cols: 3
   dt: d
   data: [ 9.9928363802809572e-01, 1.2497877226644031e-02,
       3.5721335839541742e-02, -1.2535802469986108e-02,
       9.9992107266145558e-01, 8.3791646221406646e-04,
       -3.5708044272503743e-02, -1.2851118207734557e-03,
       9.9936143815030254e-01 ]
translation_vector: [ -1.2727203614368796e-01, 8.0321183222003285e-03,
    9.5385257182968808e-02 ]
essential_matrix: !!opencv-matrix
   rows: 3
   cols: 3
   dt: d
   data: [ 9.0891950594340263e-04, -9.5388050848684694e-02,
       7.9470644406213833e-03, 9.0772291310772121e-02,
       1.0285544354024499e-03, 1.3059805388284715e-01,
       -6.4309073130302645e-03, -1.2736237532926473e-01,
       -3.9356133035455427e-04 ]
fundamental_matrix: !!opencv-matrix
   rows: 3
   cols: 3
   dt: d
   data: [ 7.9763836876207358e-07, -8.3378008772538021e-05,
       2.4438874679714385e-02, 7.9308959653842781e-05,
       8.9510331959487239e-07, 5.1032858073344824e-02,
       -2.3491950883625014e-02, -5.6434785883866551e-02, 1. ]
rectification_rotation_left: !!opencv-matrix
   rows: 3
   cols: 3
   dt: d
   data: [ 8.2063648377250831e-01, -3.9674817623699427e-02,
       -5.7007163615463230e-01, 3.9080220876045249e-02,
       9.9914783049387790e-01, -1.3279651940331483e-02,
       5.7011270625883514e-01, -1.1380758582055152e-02,
       8.2148766302137732e-01 ]
rectification_rotation_right: !!opencv-matrix
   rows: 3
   cols: 3
   dt: d
   data: [ 7.9918903963545063e-01, -5.0436695464747980e-02,
       -5.9895994747325310e-01, 5.1065085301942821e-02,
       9.9856794124644577e-01, -1.5950667006113847e-02,
       5.9890670057169271e-01, -1.7838342564007886e-02,
       8.0062010813175166e-01 ]
left_projection: !!opencv-matrix
   rows: 3
   cols: 4
   dt: d
   data: [ 6.7421231430016110e+02, 0., 9.3734450912475586e+02, 0., 0.,
       6.7421231430016110e+02, 2.5637837219238281e+02, 0., 0., 0., 1.,
       0. ]
right_projection: !!opencv-matrix
   rows: 3
   cols: 4
   dt: d
   data: [ 6.7421231430016110e+02, 0., 9.3734450912475586e+02,
       -1.0736930785896537e+02, 0., 6.7421231430016110e+02,
       2.5637837219238281e+02, 0., 0., 0., 1., 0. ]
reprojection_matrix: !!opencv-matrix
   rows: 4
   cols: 4
   dt: d
   data: [ 1., 0., 0., -9.3734450912475586e+02, 0., 1., 0.,
       -2.5637837219238281e+02, 0., 0., 0., 6.7421231430016110e+02, 0.,
       0., 6.2793765531744938e+00, 0. ]
